700 699
0 1 -1
1 2 2
2 3 2
3 4 -1
4 5 2
5 6 2
6 7 -1
7 8 2
8 9 2
9 10 -1
10 11 2
11 12 2
12 13 -1
13 14 2
14 15 2
15 16 -1
16 17 2
17 18 2
18 19 -1
19 20 2
20 21 2
21 22 -1
22 23 2
23 24 2
24 25 -1
25 26 2
26 27 2
27 28 -1
28 29 2
29 30 2
30 31 -1
31 32 2
32 33 2
33 34 -1
34 35 2
35 36 2
36 37 -1
37 38 2
38 39 2
39 40 -1
40 41 2
41 42 2
42 43 -1
43 44 2
44 45 2
45 46 -1
46 47 2
47 48 2
48 49 -1
49 50 2
50 51 2
51 52 -1
52 53 2
53 54 2
54 55 -1
55 56 2
56 57 2
57 58 -1
58 59 2
59 60 2
60 61 -1
61 62 2
62 63 2
63 64 -1
64 65 2
65 66 2
66 67 -1
67 68 2
68 69 2
69 70 -1
70 71 2
71 72 2
72 73 -1
73 74 2
74 75 2
75 76 -1
76 77 2
77 78 2
78 79 -1
79 80 2
80 81 2
81 82 -1
82 83 2
83 84 2
84 85 -1
85 86 2
86 87 2
87 88 -1
88 89 2
89 90 2
90 91 -1
91 92 2
92 93 2
93 94 -1
94 95 2
95 96 2
96 97 -1
97 98 2
98 99 2
99 100 -1
100 101 2
101 102 2
102 103 -1
103 104 2
104 105 2
105 106 -1
106 107 2
107 108 2
108 109 -1
109 110 2
110 111 2
111 112 -1
112 113 2
113 114 2
114 115 -1
115 116 2
116 117 2
117 118 -1
118 119 2
119 120 2
120 121 -1
121 122 2
122 123 2
123 124 -1
124 125 2
125 126 2
126 127 -1
127 128 2
128 129 2
129 130 -1
130 131 2
131 132 2
132 133 -1
133 134 2
134 135 2
135 136 -1
136 137 2
137 138 2
138 139 -1
139 140 2
140 141 2
141 142 -1
142 143 2
143 144 2
144 145 -1
145 146 2
146 147 2
147 148 -1
148 149 2
149 150 2
150 151 -1
151 152 2
152 153 2
153 154 -1
154 155 2
155 156 2
156 157 -1
157 158 2
158 159 2
159 160 -1
160 161 2
161 162 2
162 163 -1
163 164 2
164 165 2
165 166 -1
166 167 2
167 168 2
168 169 -1
169 170 2
170 171 2
171 172 -1
172 173 2
173 174 2
174 175 -1
175 176 2
176 177 2
177 178 -1
178 179 2
179 180 2
180 181 -1
181 182 2
182 183 2
183 184 -1
184 185 2
185 186 2
186 187 -1
187 188 2
188 189 2
189 190 -1
190 191 2
191 192 2
192 193 -1
193 194 2
194 195 2
195 196 -1
196 197 2
197 198 2
198 199 -1
199 200 2
200 201 2
201 202 -1
202 203 2
203 204 2
204 205 -1
205 206 2
206 207 2
207 208 -1
208 209 2
209 210 2
210 211 -1
211 212 2
212 213 2
213 214 -1
214 215 2
215 216 2
216 217 -1
217 218 2
218 219 2
219 220 -1
220 221 2
221 222 2
222 223 -1
223 224 2
224 225 2
225 226 -1
226 227 2
227 228 2
228 229 -1
229 230 2
230 231 2
231 232 -1
232 233 2
233 234 2
234 235 -1
235 236 2
236 237 2
237 238 -1
238 239 2
239 240 2
240 241 -1
241 242 2
242 243 2
243 244 -1
244 245 2
245 246 2
246 247 -1
247 248 2
248 249 2
249 250 -1
250 251 2
251 252 2
252 253 -1
253 254 2
254 255 2
255 256 -1
256 257 2
257 258 2
258 259 -1
259 260 2
260 261 2
261 262 -1
262 263 2
263 264 2
264 265 -1
265 266 2
266 267 2
267 268 -1
268 269 2
269 270 2
270 271 -1
271 272 2
272 273 2
273 274 -1
274 275 2
275 276 2
276 277 -1
277 278 2
278 279 2
279 280 -1
280 281 2
281 282 2
282 283 -1
283 284 2
284 285 2
285 286 -1
286 287 2
287 288 2
288 289 -1
289 290 2
290 291 2
291 292 -1
292 293 2
293 294 2
294 295 -1
295 296 2
296 297 2
297 298 -1
298 299 2
299 300 2
300 301 -1
301 302 2
302 303 2
303 304 -1
304 305 2
305 306 2
306 307 -1
307 308 2
308 309 2
309 310 -1
310 311 2
311 312 2
312 313 -1
313 314 2
314 315 2
315 316 -1
316 317 2
317 318 2
318 319 -1
319 320 2
320 321 2
321 322 -1
322 323 2
323 324 2
324 325 -1
325 326 2
326 327 2
327 328 -1
328 329 2
329 330 2
330 331 -1
331 332 2
332 333 2
333 334 -1
334 335 2
335 336 2
336 337 -1
337 338 2
338 339 2
339 340 -1
340 341 2
341 342 2
342 343 -1
343 344 2
344 345 2
345 346 -1
346 347 2
347 348 2
348 349 -1
349 350 2
350 351 2
351 352 -1
352 353 2
353 354 2
354 355 -1
355 356 2
356 357 2
357 358 -1
358 359 2
359 360 2
360 361 -1
361 362 2
362 363 2
363 364 -1
364 365 2
365 366 2
366 367 -1
367 368 2
368 369 2
369 370 -1
370 371 2
371 372 2
372 373 -1
373 374 2
374 375 2
375 376 -1
376 377 2
377 378 2
378 379 -1
379 380 2
380 381 2
381 382 -1
382 383 2
383 384 2
384 385 -1
385 386 2
386 387 2
387 388 -1
388 389 2
389 390 2
390 391 -1
391 392 2
392 393 2
393 394 -1
394 395 2
395 396 2
396 397 -1
397 398 2
398 399 2
399 400 -1
400 401 2
401 402 2
402 403 -1
403 404 2
404 405 2
405 406 -1
406 407 2
407 408 2
408 409 -1
409 410 2
410 411 2
411 412 -1
412 413 2
413 414 2
414 415 -1
415 416 2
416 417 2
417 418 -1
418 419 2
419 420 2
420 421 -1
421 422 2
422 423 2
423 424 -1
424 425 2
425 426 2
426 427 -1
427 428 2
428 429 2
429 430 -1
430 431 2
431 432 2
432 433 -1
433 434 2
434 435 2
435 436 -1
436 437 2
437 438 2
438 439 -1
439 440 2
440 441 2
441 442 -1
442 443 2
443 444 2
444 445 -1
445 446 2
446 447 2
447 448 -1
448 449 2
449 450 2
450 451 -1
451 452 2
452 453 2
453 454 -1
454 455 2
455 456 2
456 457 -1
457 458 2
458 459 2
459 460 -1
460 461 2
461 462 2
462 463 -1
463 464 2
464 465 2
465 466 -1
466 467 2
467 468 2
468 469 -1
469 470 2
470 471 2
471 472 -1
472 473 2
473 474 2
474 475 -1
475 476 2
476 477 2
477 478 -1
478 479 2
479 480 2
480 481 -1
481 482 2
482 483 2
483 484 -1
484 485 2
485 486 2
486 487 -1
487 488 2
488 489 2
489 490 -1
490 491 2
491 492 2
492 493 -1
493 494 2
494 495 2
495 496 -1
496 497 2
497 498 2
498 499 -1
499 500 2
500 501 2
501 502 -1
502 503 2
503 504 2
504 505 -1
505 506 2
506 507 2
507 508 -1
508 509 2
509 510 2
510 511 -1
511 512 2
512 513 2
513 514 -1
514 515 2
515 516 2
516 517 -1
517 518 2
518 519 2
519 520 -1
520 521 2
521 522 2
522 523 -1
523 524 2
524 525 2
525 526 -1
526 527 2
527 528 2
528 529 -1
529 530 2
530 531 2
531 532 -1
532 533 2
533 534 2
534 535 -1
535 536 2
536 537 2
537 538 -1
538 539 2
539 540 2
540 541 -1
541 542 2
542 543 2
543 544 -1
544 545 2
545 546 2
546 547 -1
547 548 2
548 549 2
549 550 -1
550 551 2
551 552 2
552 553 -1
553 554 2
554 555 2
555 556 -1
556 557 2
557 558 2
558 559 -1
559 560 2
560 561 2
561 562 -1
562 563 2
563 564 2
564 565 -1
565 566 2
566 567 2
567 568 -1
568 569 2
569 570 2
570 571 -1
571 572 2
572 573 2
573 574 -1
574 575 2
575 576 2
576 577 -1
577 578 2
578 579 2
579 580 -1
580 581 2
581 582 2
582 583 -1
583 584 2
584 585 2
585 586 -1
586 587 2
587 588 2
588 589 -1
589 590 2
590 591 2
591 592 -1
592 593 2
593 594 2
594 595 -1
595 596 2
596 597 2
597 598 -1
598 599 2
599 600 2
600 601 -1
601 602 2
602 603 2
603 604 -1
604 605 2
605 606 2
606 607 -1
607 608 2
608 609 2
609 610 -1
610 611 2
611 612 2
612 613 -1
613 614 2
614 615 2
615 616 -1
616 617 2
617 618 2
618 619 -1
619 620 2
620 621 2
621 622 -1
622 623 2
623 624 2
624 625 -1
625 626 2
626 627 2
627 628 -1
628 629 2
629 630 2
630 631 -1
631 632 2
632 633 2
633 634 -1
634 635 2
635 636 2
636 637 -1
637 638 2
638 639 2
639 640 -1
640 641 2
641 642 2
642 643 -1
643 644 2
644 645 2
645 646 -1
646 647 2
647 648 2
648 649 -1
649 650 2
650 651 2
651 652 -1
652 653 2
653 654 2
654 655 -1
655 656 2
656 657 2
657 658 -1
658 659 2
659 660 2
660 661 -1
661 662 2
662 663 2
663 664 -1
664 665 2
665 666 2
666 667 -1
667 668 2
668 669 2
669 670 -1
670 671 2
671 672 2
672 673 -1
673 674 2
674 675 2
675 676 -1
676 677 2
677 678 2
678 679 -1
679 680 2
680 681 2
681 682 -1
682 683 2
683 684 2
684 685 -1
685 686 2
686 687 2
687 688 -1
688 689 2
689 690 2
690 691 -1
691 692 2
692 693 2
693 694 -1
694 695 2
695 696 2
696 697 -1
697 698 2
698 699 2
